00001
00002
00003
00004
00005
00006
00007
00008
00009
00010
00011
00012
00013
00014
00016
00017
00019
00020
00022
00024
00027
00029
00032
00035
00038
00041
00045
00049
00054
00059
00065
00071
00077
00084
00092
00101
00110
00120
00131
00143
00157
00171
00187
00204
00223
00244
00267
00291
00318
00348
00380
00415
00454
00496
00542
00592
00647
00707
00773
00844
00922
01008
01101
01203
01315
01437
01570
01716
01875
02049
02239
02446
02673
02921
03192
03487
03811
04164
04550
04972
05433
05937
06487
07089
07746
08464
09249
10106
11043
12067
13185
14408
15744
17203
18798
20541
22445
24526
26800
29285
32000
